[[ 1.58830387 -0.77465654  0.0594599  -1.74601596  0.04525702  1.38198765
  -1.65072852 -0.10498888 -0.49351847 -0.31390565]
 [-0.58271035  1.7097392   0.03119702 -0.89516284  1.01816114 -1.26137449
  -0.05282296 -2.13884474 -1.32462919  0.19958131]
 [ 0.93366409 -0.19085105 -0.23736216 -0.646362   -0.90675859  0.34440498
  -0.73869781  0.6489892   0.40944771 -1.78485809]
 [ 1.83752163 -0.34912284 -0.28984165  0.25539446  1.94133768  3.13024815
  -3.59070421 -1.2669656   0.712851    0.73623899]
 [-0.15205663 -0.0322954  -1.21536513 -1.10568297  1.22069906  1.68893365
  -0.81075681  0.67831987  0.44551319 -0.70510492]
 [ 0.385075    1.40187397 -0.01163886  1.72148352 -2.40705398  0.82220738
  -0.1911705  -0.48909128  0.10079271 -1.98665715]
 [-1.49717359  1.37428927 -0.05753696 -0.12567874 -0.81741044 -2.46350608
   3.46318542  0.93814372 -0.90014207  0.62499588]
 [-0.1739377   1.27607567 -1.34201835 -0.41835121 -0.00201907 -1.5752197
   0.95298638  0.21856942 -0.08135199 -0.21875531]
 [-3.37245664  0.06289635 -1.04972634  0.37662662 -1.06793021 -3.33312539
   4.91133216  1.21852313 -0.27836385  0.15181218]
 [-2.15138502  0.0147743   0.03834028  2.75074629 -0.21185727 -0.22526675
   0.14834797 -1.15805168  1.0668632   0.7389935 ]]